0 1 0.002025 0
0 6 0.005952 0
1 2 0.01435 2
25 0.00537134 55 0.0040002 
2 3 0.012279 1
49 0.00474167 
3 4 0.011099 3
33 0.000301746 48 0.00971851 54 0.00138718 
5 6 0.006157 0
5 7 0.001408 0
5 8 0.012008 1
18 0.0105136 
7 265 0.003213 1
44 0.00181596 
8 298 0.005382 0
9 10 0.01294 9
40 0.00020463 43 0.00495964 44 0.00776263 50 0.00445247 54 0.00433628 54 0.00510554 54 0.00435592 60 0.00454039 60 0.00714908 
9 36 0.018695 11
14 0.0140345 23 0.014939 38 0.0142737 38 0.00272377 40 0.010677 44 0.00977253 53 0.0118332 55 0.000373468 60 0.00315816 60 0.0032232 60 0.00231456 
9 37 0.002948 0
10 11 0.013238 1
38 0.00798063 
11 12 0.028027 6
36 0.00325917 53 0.00458482 55 0.00205642 60 0.0224703 60 0.00699489 60 0.00250553 
12 13 0.016322 1
54 0.0124186 
13 14 0.03219 6
49 0.026261 50 0.0297935 54 0.010837 55 0.0209494 60 0.0274364 60 0.0307337 
14 15 0.009105 2
54 0.00355861 60 0.0043367 
15 16 0.012708 3
54 0.00503138 55 0.0111601 60 0.00819095 
16 17 0.026648 6
21 0.0196091 36 0.012314 36 0.0182248 48 0.0196091 54 0.0148206 54 0.0111029 
17 18 0.009636 2
36 0.00783265 54 0.00695661 
18 19 0.014209 10
11 0.00351753 36 0.00250302 40 0.00961932 40 0.00515693 44 0.00162836 50 0.0020372 50 0.000957327 53 0.00758238 54 0.00703648 55 0.00630278 
19 20 0.008261 6
36 0.00725537 54 0.00754167 54 0.00591628 55 0.00186448 55 0.000146722 60 0.00547286 
20 21 0.011507 1
49 0.000463106 
21 22 0.008586 2